50-(20): 
  55.999
  0.0503324  0.806268  0.593542
  58.7398
  0.00474834  0.747388  0.567901
  53.6109
  0.0446344  0.817664  0.569801
  46.7585
  0.0189934  0.57265  0.465337
  55.4813
  0.0588794  0.755935  0.581197
  57.1113
  0.0417854  0.735992  0.558405
  55.9823
  0.0693257  0.723647  0.576448
  45.6199
  0.0180437  0.729345  0.581197
  50.0735
  0.0237417  0.749288  0.574549
  53.196
  0.0522317  0.679012  0.501425
50-(30): 
  49.5473
  0.0189934  0.680912  0.679962
  55.7095
  0.017094  0.726496  0.696106
  57.6802
  0  0.773029  0.739791
  52.9765
  0.0417854  0.757835  0.74169
  56.1441
  0.0712251  0.796771  0.760684
  60.9983
  0.0303894  0.782526  0.721747
  48.2782
  0.014245  0.720798  0.698955
  58.58
  0.031339  0.817664  0.778727
  50.1474
  0.0360874  0.652422  0.652422
  61.4105
  0.0218424  0.811966  0.755935
50-(10): 
  63.5252
  0.0759734  0.818613  0.352327
  43.2251
  0.0417854  0.716049  0.317189
  55.7514
  0.0626781  0.821462  0.34378
  62.5079
  0.0503324  0.709402  0.310541
  49.4277
  0.0379867  0.749288  0.349478
  65.8193
  0.0873694  0.825261  0.335233
  49.0487
  0.0512821  0.57265  0.312441
  61.6248
  0.0550807  0.754036  0.366572
  51.6914
  0.02849  0.698006  0.351377
  61.6165
  0.0797721  0.773979  0.356125
100-(10): 
  165.663
  0.0722039  0.747994  0.208589
  142.719
  0.0618216  0.642284  0.198679
  150.769
  0.0467202  0.642756  0.190184
  132.837
  0.0316187  0.63379  0.198679
  136.789
  0.0528551  0.645116  0.193016
  168.936
  0.0877773  0.742331  0.210005
  172.232
  0.105238  0.661633  0.182633
  135.979
  0.0500236  0.602171  0.200094
  120.675
  0.047664  0.575743  0.20387
  149.209
  0.0495517  0.718735  0.201982
100-(20): 
  140.074
  0.0759792  0.608306  0.346862
  161.114
  0.0750354  0.67579  0.330345
  151.265
  0.0703162  0.70033  0.353469
  155.918
  0.0740916  0.70033  0.3563
  163.536
  0.0783388  0.721567  0.327041
  166.338
  0.0797546  0.680982  0.348749
  134.562
  0.0386975  0.637565  0.354884
  139.686
  0.0622935  0.611609  0.329401
  158.895
  0.0726758  0.62907  0.329873
  147.362
  0.109958  0.649835  0.315243
100-(30): 
  166.733
  0.0471921  0.697027  0.46673
  160.757
  0.0622935  0.679094  0.440302
  164.889
  0.0792827  0.69042  0.457763
  165.603
  0.0542709  0.663992  0.447853
  135.445
  0.0453044  0.585654  0.461538
  139.187
  0.0457763  0.634261  0.48655
  171.834
  0.0641812  0.703634  0.451156
  162.034
  0.0462482  0.711185  0.451628
  157.283
  0.0566305  0.636149  0.462954
  140.297
  0.07126  0.07126  0.0707881
  153.387
  0.0750354  0.641812  0.433223
100-(40): 
  187.378
  0.0438886  0.762152  0.518169
  143.448
  0.0599339  0.588957  0.516753
  127.511
  0.0589901  0.574799  0.530911
  149.793
  0.0618216  0.720151  0.559698
  164.916
  0.089193  0.686173  0.551203
  178.549
  0.0438886  0.0438886  0.0438886
  135.834
  0.0618216  0.614913  0.520529
  155.127
  0.053799  0.658329  0.543181
  162.852
  0.0495517  0.682397  0.538933
  154.774
  0.0821142  0.694195  0.561586
75-(10): 
  138.339
  0.0491699  0.793742  0.287356
  141.558
  0.0619413  0.777778  0.260536
  151.128
  0.0702427  0.0702427  0.0702427
  151.725
  0.059387  0.733716  0.235632
  147.283
  0.0561941  0.832695  0.275223
  147.027
  0.122605  0.804598  0.252874
  124.742
  0.0651341  0.703065  0.242018
  160.091
  0.0485313  0.826948  0.246488
  136.518
  0.0166028  0.782886  0.273308
  140.931
  0.0657727  0.683269  0.252235
75-(20): 
  143.294
  0.0274585  0.805236  0.429757
  149.9
  0.0300128  0.759898  0.422733
  140.674
  0.0523627  0.799489  0.420817
  117.424
  0.045977  0.701149  0.438697
  131.526
  0.0466156  0.785441  0.417625
  141.683
  0.0523627  0.757982  0.4106
  110.854
  0.0759898  0.619413  0.366539
  126.955
  0.0581098  0.750319  0.404853
  113.231
  0.0191571  0.608557  0.364623
  118.846
  0.0466156  0.744572  0.416347
75-(40): 
  145.95
  0.0817369  0.835888  0.713921
  127.766
  0.0651341  0.733716  0.646871
  146.886
  0.0734355  0.789272  0.649425
  125.336
  0.0708812  0.712644  0.652618
  136.257
  0.0453384  0.707535  0.627075
  127.726
  0.0357599  0.731162  0.637292
  126.524
  0.0689655  0.805236  0.703065
  134.666
  0.0440613  0.745849  0.662197
  131.612
  0.0383142  0.714559  0.652618
  146.947
  0.0657727  0.706258  0.648787
50-(40): 
  48.7969
  0.0465337  0.533713  0.533713
  56.0719
  0.0550807  0.728395  0.728395
  53.7587
  0.039886  0.691358  0.690408
  53.5425
  0.0474834  0.680912  0.679962
  48.3331
  0.017094  0.680912  0.680912
  50.4988
  0.0712251  0.651472  0.650522
  50.4088
  0.0474834  0.690408  0.688509
  52.2971
  0.0332384  0.739791  0.737892
  45.382
  0.0408357  0.778727  0.778727
  53.0817
  0.022792  0.777778  0.777778
  9.43819
  0.136816  0.942786  0.80597
