100: 
0.564312  0.522645
0.537591  0.507246
0.530344  0.502264
0.563859  0.509058
0.634511  0.571105
0.497736  0.490942
0.522192  0.5
0.537138  0.501812
0.615942  0.584692
0.56567  0.547554
0.616395  0.569746
50: 
0.599639  0.537421
0.2633  0.2633
0.613165  0.534716
0.688007  0.575293
0.597836  0.535618
0.631199  0.542831
0.595131  0.525699
0.607755  0.582507
0.620379  0.534716
0.598738  0.570784
0.474301  0.467087
0.61587  0.576195
150: 
0.387626  0.386995
0.339646  0.339015
200: 
0.686592  0.598922
0.364041  0.364041
0.596812  0.554618
0.600328  0.556728
0.638772  0.590952
0.595874  0.561181
0.679794  0.597984
0.570558  0.558837
: 
0.637131  0.581575
0.561416  0.539616
0.614862  0.549695
0.374121  0.373418
0.362635  0.361932
0.623535  0.565401
50: 
50: 
0.327184  0.327184
0.278641  0.27767
50: 
0.409307  0.408357
0.392213  0.391263
0.437797  0.437797
0.490028  0.490028
0.7151  0.661918
0.928775  0.801519
0.905033  0.776828
0.939221  0.811016
0.976258  0.801519
0.446344  0.443495
0.403609  0.402659
0.306743  0.305793
0.396961  0.396011
0.344729  0.344729
0.48528  0.48528
0.375119  0.366572
0.443495  0.417854
0.566952  0.546059
0.394112  0.392213
0.128205  0.127255
0.0303894  0.02849
0.124406  0.123457
0.310541  0.309592
0.123457  0.123457
0.91453  0.74264
0.824311  0.751187
0.832858  0.738841
0.824311  0.725546
